     1 	   15.2559  -12.3335    0.0000 C   0  0  0  0  0  0  0  0  0  0  0  0
     2 	   16.4154  -11.6819    0.0000 C   0  0  0  0  0  0  0  0  0  0  0  0
     3 	   17.5594  -12.3601    0.0000 C   0  0  0  0  0  0  0  0  0  0  0  0
     4 	   18.7189  -11.7085    0.0000 C   0  0  0  0  0  0  0  0  0  0  0  0
     5 	   19.8629  -12.3868    0.0000 C   0  0  0  0  0  0  0  0  0  0  0  0
     6 	   21.0223  -11.7351    0.0000 C   0  0  0  0  0  0  0  0  0  0  0  0
     7 	   22.1664  -12.4134    0.0000 C   0  0  0  0  0  0  0  0  0  0  0  0
     8 	   23.3258  -11.7617    0.0000 C   0  0  0  0  0  0  0  0  0  0  0  0
     9 	   24.4699  -12.4400    0.0000 C   0  0  0  0  0  0  0  0  0  0  0  0
    10 	   25.6293  -11.7883    0.0000 C   0  0  0  0  0  0  0  0  0  0  0  0
    19 	   14.1119  -11.6553    0.0000 C   0  0  0  0  0  0  0  0  0  0  0  0
    20 	   12.9525  -12.3069    0.0000 C   0  0  0  0  0  0  0  0  0  0  0  0
    21 	   11.8084  -11.6287    0.0000 C   0  0  0  0  0  0  0  0  0  0  0  0
    22 	   10.6490  -12.2803    0.0000 C   0  0  0  0  0  0  0  0  0  0  0  0
    23 	    9.5049  -11.6020    0.0000 C   0  0  0  0  0  0  0  0  0  0  0  0
